  1.000000
  0.000000
  0.000000
  0.000000
  1.000000
  0.000000
  0.000000
  0.000000
  1.000000
  1.499281
  0.005053
 -0.904399
 -0.006032
  1.046117
 -3.475717
  0.000000
  0.000000
  1.000000
  1.295362
  0.001982
 -3.263488
 -0.001956
  1.188351
 -1.821409
  0.000000
  0.000000
  1.000000
  1.255055
 -0.010081
  1.839294
  0.008836
  1.233739
 -1.072894
  0.000000
  0.000000
  1.000000
  1.261782
 -0.021146
 -2.984915
  0.022210
  1.138086
  2.922854
  0.000000
  0.000000
  1.000000
  1.332052
 -0.008813
 -0.988325
  0.006662
  1.006061
 -2.772850
  0.000000
  0.000000
  1.000000
  1.391184
 -0.019620
  3.428549
  0.014851
  1.300122
 -0.386146
  0.000000
  0.000000
  1.000000
  1.099343
 -0.021754
  0.230059
  0.025297
  1.432048
 -2.505403
  0.000000
  0.000000
  1.000000
  1.463013
 -0.028362
 -1.446888
  0.026793
  1.162655
  3.099792
  0.000000
  0.000000
  1.000000
  1.433724
  0.004822
 -2.056866
 -0.005247
  1.356702
  2.543609
  0.000000
  0.000000
  1.000000
  1.257325
 -0.002084
  1.143038
  0.002081
  1.379540
  2.675583
  0.000000
  0.000000
  1.000000
  1.082948
 -0.001300
 -0.211884
  0.000975
  1.206903
  2.414986
  0.000000
  0.000000
  1.000000
  1.178254
 -0.022426
 -1.622774
  0.018277
  1.107664
  0.098250
  0.000000
  0.000000
  1.000000
  1.109883
  0.005336
  3.447002
 -0.006894
  1.081934
  0.751956
  0.000000
  0.000000
  1.000000
  1.359999
  0.012674
 -0.835382
 -0.011715
  1.383065
 -3.346874
  0.000000
  0.000000
  1.000000
  1.480100
 -0.010515
  0.930252
  0.013625
  1.212173
  1.106467
  0.000000
  0.000000
  1.000000
