  1.000000
  0.000000
  0.000000
  0.000000
  1.000000
  0.000000
  0.000000
  0.000000
  1.000000
  1.123888
 -0.000542
  2.066114
  0.000617
  1.059601
  0.961659
  0.000000
  0.000000
  1.000000
  1.127589
 -0.010805
  2.730376
  0.013880
  1.358206
  2.078362
  0.000000
  0.000000
  1.000000
  1.080347
  0.021313
  3.185005
 -0.018534
  1.370975
 -2.601335
  0.000000
  0.000000
  1.000000
  1.357583
 -0.015758
 -2.400451
  0.015592
  1.423430
  1.900993
  0.000000
  0.000000
  1.000000
  1.243384
 -0.029639
  1.853606
  0.026951
  1.347308
 -3.780055
  0.000000
  0.000000
  1.000000
  1.243208
  0.016720
  3.447119
 -0.016212
  1.246954
 -1.306753
  0.000000
  0.000000
  1.000000
  1.183472
 -0.007379
 -0.321729
  0.010135
  1.179746
 -0.071341
  0.000000
  0.000000
  1.000000
  1.026608
  0.012180
 -3.476829
 -0.014249
  1.042572
 -2.186305
  0.000000
  0.000000
  1.000000
  1.178082
 -0.027253
 -0.203505
  0.029450
  1.112750
  0.580043
  0.000000
  0.000000
  1.000000
  1.415221
 -0.011084
 -0.714091
  0.009048
  1.240849
 -2.306856
  0.000000
  0.000000
  1.000000
  1.476861
  0.004852
  1.579277
 -0.004751
  1.223333
 -0.008671
  0.000000
  0.000000
  1.000000
  1.430785
 -0.004791
  0.442340
  0.004479
  1.357374
  1.900435
  0.000000
  0.000000
  1.000000
  1.011697
 -0.008543
 -1.493485
  0.007442
  1.438531
  2.050363
  0.000000
  0.000000
  1.000000
  1.450906
  0.027323
 -2.576949
 -0.026277
  1.383682
  3.436876
  0.000000
  0.000000
  1.000000
  1.476241
 -0.013804
  3.123440
  0.011520
  1.442174
 -2.813009
  0.000000
  0.000000
  1.000000
