  1.000000
  0.000000
  0.000000
  0.000000
  1.000000
  0.000000
  0.000000
  0.000000
  1.000000
  1.220276
 -0.017403
  3.988598
  0.018969
  1.392390
  3.785241
  0.000000
  0.000000
  1.000000
  1.093382
 -0.018640
 -3.766353
  0.016972
  1.118215
 -0.873818
  0.000000
  0.000000
  1.000000
  1.021248
 -0.015432
 -3.920822
  0.014652
  1.214361
  2.248456
  0.000000
  0.000000
  1.000000
  1.495920
  0.002051
 -0.117866
 -0.001893
  1.178501
 -0.631249
  0.000000
  0.000000
  1.000000
  1.109036
  0.015923
  3.203913
 -0.021674
  1.227532
 -1.025293
  0.000000
  0.000000
  1.000000
  1.418065
  0.010097
  0.569156
 -0.011232
  1.298752
  1.287506
  0.000000
  0.000000
  1.000000
  1.414897
  0.020990
  1.368915
 -0.030485
  1.047109
 -2.438156
  0.000000
  0.000000
  1.000000
  1.122315
  0.027290
 -0.578841
 -0.024931
  1.302627
  3.789135
  0.000000
  0.000000
  1.000000
  1.464025
 -0.009183
 -3.644288
  0.011056
  1.460627
  1.475378
  0.000000
  0.000000
  1.000000
  1.032103
 -0.021734
 -1.394397
  0.021206
  1.203826
 -2.816789
  0.000000
  0.000000
  1.000000
  1.372206
 -0.022580
  2.232899
  0.023429
  1.327452
 -1.463174
  0.000000
  0.000000
  1.000000
  1.285499
  0.008568
  3.986021
 -0.007440
  1.481187
  3.435437
  0.000000
  0.000000
  1.000000
  1.475468
  0.007140
 -3.313374
 -0.007016
  1.292283
 -2.749393
  0.000000
  0.000000
  1.000000
  1.309960
 -0.009647
  0.216268
  0.012076
  1.176960
 -3.056323
  0.000000
  0.000000
  1.000000
  1.134185
 -0.003518
  3.741606
  0.002753
  1.176038
 -3.088117
  0.000000
  0.000000
  1.000000
