  1.000000
  0.000000
  0.000000
  0.000000
  1.000000
  0.000000
  0.000000
  0.000000
  1.000000
  1.123888
 -0.000325
  1.033057
  0.000370
  1.059602
  0.480830
  0.000000
  0.000000
  1.000000
  1.127627
 -0.006483
  1.365188
  0.008328
  1.358252
  1.039181
  0.000000
  0.000000
  1.000000
  1.080462
  0.012788
  1.592503
 -0.011121
  1.371121
 -1.300668
  0.000000
  0.000000
  1.000000
  1.357672
 -0.009455
 -1.200225
  0.009355
  1.423524
  0.950496
  0.000000
  0.000000
  1.000000
  1.243565
 -0.017784
  0.926803
  0.016172
  1.347504
 -1.890027
  0.000000
  0.000000
  1.000000
  1.243299
  0.010032
  1.723560
 -0.009727
  1.247046
 -0.653376
  0.000000
  0.000000
  1.000000
  1.183491
 -0.004427
 -0.160865
  0.006081
  1.179765
 -0.035670
  0.000000
  0.000000
  1.000000
