  1.000000
  0.000000
  0.000000
  0.000000
  1.000000
  0.000000
  0.000000
  0.000000
  1.000000
  1.054126
 -0.027411
  1.785877
  0.025125
  1.308664
 -3.549375
  0.000000
  0.000000
  1.000000
  1.464500
  0.023007
 -2.148490
 -0.025773
  1.154766
 -0.575409
  0.000000
  0.000000
  1.000000
  1.481898
  0.024287
 -2.409182
 -0.019737
  1.428452
  2.698856
  0.000000
  0.000000
  1.000000
  1.061804
  0.024394
  2.920502
 -0.028928
  1.175644
 -2.271215
  0.000000
  0.000000
  1.000000
  1.384860
  0.013918
 -3.230614
 -0.016419
  1.016908
 -0.419355
  0.000000
  0.000000
  1.000000
  1.245058
  0.017783
  1.425679
 -0.017567
  1.078217
  3.904869
  0.000000
  0.000000
  1.000000
  1.191373
  0.026437
  1.988739
 -0.021579
  1.081473
 -1.209773
  0.000000
  0.000000
  1.000000
  1.014747
 -0.014497
 -2.328032
  0.013555
  1.085038
  3.032941
  0.000000
  0.000000
  1.000000
  1.289301
  0.018269
 -2.468517
 -0.014279
  1.419703
 -0.118283
  0.000000
  0.000000
  1.000000
  1.151379
  0.011852
 -3.748238
 -0.013289
  1.339688
 -1.111165
  0.000000
  0.000000
  1.000000
  1.093758
  0.013803
 -2.612881
 -0.010188
  1.267801
 -3.487362
  0.000000
  0.000000
  1.000000
  1.117527
  0.007809
 -1.296493
 -0.006208
  1.246121
 -3.683984
  0.000000
  0.000000
  1.000000
  1.425701
 -0.001231
 -1.413544
  0.001038
  1.387171
 -3.367889
  0.000000
  0.000000
  1.000000
  1.372310
 -0.000065
  3.373556
  0.000049
  1.397252
 -0.465767
  0.000000
  0.000000
  1.000000
  1.440932
 -0.014491
 -3.016916
  0.014483
  1.102263
  0.510418
  0.000000
  0.000000
  1.000000
